440
108.81278154079507
109.2622871033709
114.94227308638318
48.31218555121003
91.6456838658215
77.55185733841056
100.24081485346242
31.78309143531529
115.52992729373788
65.95234631425758
31.63204835144135
54.239564317054395
93.2994938011874
120.147997889095
140.09573191413858
116.40908743857744
90.63239066265776
40.678019924759354
72.35178031492764
36.33388809769542
52.53489619237559
117.33013304777865
107.45964935796226
39.39947665978132
88.44649821294637
82.40763008070674
80.91054473101252
55.19186292016524
88.56846111476402
77.9830144675046
85.5709523800025
67.87474657618264
45.738970751347864
136.8969756068765
105.9720119832021
62.90427800900025
105.27774379592638
91.39825793154104
61.31534155232124
95.114053000268
55.52607545764728
97.57478472992742
128.18903275695666
87.45970251852275
144.49243518374772
129.2257215506522
151.35331297419663
129.1026113108016
164.55896520887464
52.700184626070396
77.72105671322883
65.93280088110049
130.9812538847391
82.02165622457763
64.89670230969561
35.91713395165943
122.85929226979174
91.97468064007035
46.89545976876329
93.00508168349772
67.12760046206702
88.90541367106017
86.9919153045238
141.34224307868917
104.56549024688923
54.642738790685286
107.37992475928405
119.62059128733827
97.3546774049944
65.0376851693125
65.3502723288294
9.319175284540881
101.81189972681524
90.24341499922241
68.65930683476124
83.57212871672706
92.75436739678388
84.36084688153235
43.97556520939322
52.57680802432435
54.26444166875795
113.29752026042149
165.04121291053153
82.74320503225292
120.54389912397383
94.29301913736343
108.7408894051842
123.9366515051217
144.69114144355714
132.4285248922141
105.81453791937315
52.11756266361847
48.75212348002894
45.738847496180796
136.71800046202256
136.5064015318769
107.27832046062763
132.50825517405758
69.06512184219558
82.99227915739998
115.93797499757385
50.035222464343676
107.89715345296365
48.84638514605844
88.26168760487423
58.44053740745217
39.95293542932885
93.27769406939562
96.04026295224627
139.58553382396903
102.6780620380322
112.37174326045589
73.82742875620481
97.8451672908332
107.71196020941618
113.59977096768799
98.26743041555874
87.13588441127905
83.3496229816848
73.38100233440966
107.63881623790655
27.09807605192562
104.73840636305162
118.928480078435
84.24127469618304
43.842694004963704
92.88408254061633
88.50424753200231
63.62115646750853
19.466840817081646
91.04730118490338
114.08594821659752
96.01030361028533
95.5475594936998
114.47239731152895
118.47881433573735
116.0078146829928
71.57962207223518
48.351448671836586
57.8274660879772
66.74080755831756
128.93769710346953
24.27210841371862
62.403715493900044
30.061711953111306
78.69247270843152
92.81650879916452
137.94725872706812
139.40475497706313
92.5047193911032
75.4602820872386
119.61165847265295
84.3708092123619
153.58211906907843
130.45039034957026
114.324428728689
94.25987324971784
98.00830644230477
106.54189790039514
78.59273835030308
123.80258673967306
110.03633431923348
92.99411470893233
107.5259848661001
155.6462521581841
132.21095082539523
132.47902468764008
75.93984647928481
128.08912751084316
147.75123320353762
139.12204077097644
82.56436337259757
89.9389659905307
140.65150494650732
89.67829948542739
128.71119648620274
116.12204934590879
72.39766045585948
49.50005877911934
141.03909390332305
144.54065636686755
70.89721524584012
71.15642085834708
62.54817117531893
113.60829652710437
137.5385933784774
49.582796758152554
106.17565464861455
96.92085652957205
169.52060283799133
71.6201910449644
85.88121705750906
117.61329480001783
73.78829021313996
104.1181982685834
92.44578274593461
97.22173729009025
84.5434511784857
64.51741819374482
100.56022310317715
70.75700201146597
34.72551544232285
82.00197733472045
44.355905656833066
84.4723633558378
106.9304106550822
58.806774700063514
124.06166578505437
123.26982889494398
82.75665589954083
109.92439773333088
94.34197085611254
109.48174746755467
64.58829777428019
80.77061477013805
107.19542722775988
56.48226044800437
77.94129146795157
98.82513139082191
134.91235195158777
35.10956542495214
96.05346220837362
75.10909584181523
54.477228331295855
132.44463369187287
111.12784168343504
98.9947114953863
73.35021958138667
95.66226648178188
100.30542223445796
77.69295117487155
79.03506110345742
39.655472071931136
22.97305166677561
79.81226504571907
42.89554985801343
34.884244520565986
98.20144698575136
87.0160909876028
109.89814071840763
34.99159381488118
66.08694774642795
136.84289689697317
104.37539480399785
38.82638927972904
99.4195187514379
71.94977694183818
68.4487130513319
78.31231411151853
74.32713133503812
55.57808002052222
108.10334169533539
99.14264168264837
92.82421960927265
119.11404191051543
144.72900666726562
79.11702449084389
117.99522154289421
58.64463405568147
94.66227255580102
92.91206843660065
56.06338273143676
62.554259670746745
48.32114526800692
105.06426414154579
83.32700577566962
102.44184183959138
87.83717358271919
73.60548440484779
65.64509390961575
129.92634253379674
82.02875911362011
124.97619640659889
102.74082681925334
81.1494138412806
94.50170861812005
104.76013468053752
74.38098800895027
37.876751893574635
57.18307765565219
73.49023504982047
54.05319485344068
91.77094735609012
89.18446228521388
57.00749207545636
40.74266219697117
75.4465962143953
53.101131847231784
61.10905293043944
45.04356875793599
50.14150043486206
113.21058978178075
167.54979347667538
136.67834381504477
145.49445452675317
80.16950404926381
94.13667770726693
129.68695845754584
137.95895182460228
73.65245402427838
128.0335270925948
141.57932112641893
119.66315033527327
129.68344596482288
148.6436703386831
135.50024231719183
108.56107649514644
121.32196384540539
40.19566811796089
73.78873430747215
75.17798396244527
99.9041296864448
46.53607236217427
53.919955934642815
144.23653007737042
102.70906918949669
43.02714456906572
45.14869562331742
124.45291741599776
114.44953359393031
134.5152821737692
137.25690530094622
132.5117067816419
58.40455381257399
178.71469702419472
132.86377078709455
128.34204620937734
66.00247779551901
46.09498911342242
62.721913943778596
90.81066392637801
55.71792424241812
84.62371696110476
87.62325117900846
50.56724028270882
76.88491990111719
82.60925991073827
98.33075713624534
76.50351251210556
85.09336179475947
99.04350051992482
130.8468278476994
53.77018143651157
63.623397377310745
141.92731836319368
91.12706287645311
22.254282302602125
138.9435244068212
118.9087195098316
69.8248842052488
88.77475099367615
21.616476382520954
17.797944794454985
82.94120117471788
87.85113840529004
20.909582403741446
68.89582599268047
60.55170618068093
109.64166314509875
96.43832059629864
85.81351790221973
63.107674635302025
84.92650655980427
40.40310792527048
60.61425476328998
39.3615857381369
117.59432416795308
101.52467275671185
146.37135051764196
125.43070662745055
126.35290499588447
115.35720715811463
119.46816388484972
111.61307700161234
74.86732285425651
38.01643067632756
73.31265870005106
115.58388470709019
78.21315576004638
90.31809208893787
57.136896255440774
26.831857974672634
45.50833453963026
42.54556734415507
40.09140038326554
53.30197894466953
62.371698027090645
97.53078003355652
98.6300315546076
133.55179927004758
105.36486272385501
151.09199450016067
152.56110129994855
114.64977142496011
142.87597239859713
89.4308080915816
101.92960193494625
138.85002488629206
115.97741766477758
96.4510428788992
102.56352969668283
123.95811908692036
89.40246419513943
66.4084314616685
70.90718474576308
86.35916553162741
93.13242705641767
83.05539178865293
48.358689675322964
76.15026091043967
71.20604395775128
69.96643098450363
109.40491671021901
102.804410494911
110.35820959096574
109.67268669313609
39.78879055494974
108.01798119332997
84.15030646958148
105.78129276923613
120.35506993973485
159.03077809149337
84.89001687512145
78.12190777074552
57.23987748551012
92.12018985456693
53.8308672903323
80.38731672930983
90.73038165163896
79.48689471504802
47.71458994222873
130.21502274620352
97.7187021878425
45.700876738711315
84.53379184099794
172.569843888104
120.12526571584254
24.234029593733574
29.27070614148513
76.16705497689837
56.995379506920976
71.06750122712077
37.35911764103984
117.24332967725056
63.690611421117
88.3995874755073
137.1678070802693
119.39366177317997
130.7427805837398
140.365842862371
98.32419984103147
55.77438434963759
79.91336342163275
72.2358123429385
92.62405688721451
89.49456337414055
93.27310720552157
72.25024938708867
89.84687858839818
56.480866359192426
112.85576645187994
123.36523653224832
82.04106672879924
94.91030438213582
96.31260841956494
121.93913266669067
108.7516890278728
111.57780937948895
73.83041553574634
70.23507314696519
120.26184118331331
118.76004520935739
83.84338712827557
60.259157827077644
89.07110108564807
80.8175705255361
65.08889796021145
77.86464687495462
148.15256798493468
136.47099435077334
108.56474264288724
134.0086620194846
73.90570843438174
93.16579143116067
123.7637026419411
113.2692586313891
23.160447851423385
53.276378434918506
124.81391653535904
74.63687516989107
54.283275064680694
137.1269339938331
81.32471674428365
114.23772073325277
29.478274703598377
94.06373188921937
73.1181969691958
97.95596541459287
62.51911430004063
92.75872518099926
