360.7
163.14668056390852
127.7892845258964
112.55624840076604
154.35338005221848
100.61365299109985
85.32972237877118
141.73171142410686
31.53055002861422
83.95220136613253
110.43859764724647
90.37032336167452
89.40892423314888
71.88631837307801
99.04922357349164
74.14350738616373
37.3539688037494
22.014652138670453
46.970737915238416
84.95525716776928
76.55866681776075
79.83239607609988
66.55849069925202
96.12613697140718
126.70955560107251
110.51856573719348
115.49291623780915
108.9543244751985
112.86483963965983
104.95897280372057
49.098888849516065
118.31930309893721
69.98041166311486
141.37570319213197
122.23012448833353
119.26096982806536
113.61577377522879
69.2167507138062
81.30409143055235
95.08858944975242
95.370670455164
60.19399937837848
104.10343528577118
136.90576635458203
134.7466860273058
78.24756535215013
36.04863167591374
77.40947690834419
96.16161048134444
64.04602306778507
89.01221045317986
27.944188277265493
94.57525753854897
46.99508712163046
50.63951154534018
90.98910146157773
60.449574006479914
85.01480605494987
57.237797181210695
82.35618364740832
90.52841995135616
91.62244306833861
102.32278541896908
94.39770858675608
123.44418303974216
92.9371095693868
67.21162516078634
80.99383710144099
36.8621467818745
56.51000987771719
64.64607950837542
47.97473048190808
87.04208078712125
71.12417081035703
67.14011536781094
75.44920159341666
74.02262378174485
98.11708356268316
96.49875211693319
116.8830745236459
65.83373578239488
76.34041988099206
102.76468598573553
126.4032371932406
94.50332971790874
119.25973931224884
86.10131123164916
113.11090920084968
120.63702126665149
49.24024407200994
121.6267858264334
118.36781118216481
97.8514470610103
102.82170268462434
110.22714965241165
146.4643417800111
93.82739168371701
73.05350186066146
103.88268037598831
81.9279418711463
70.86503307332703
108.3380489151754
82.31812966492105
99.97066059091802
74.38673172706935
89.55452372938328
81.15198641645834
32.941261412704534
87.40495166224441
78.40267822936976
112.38777878714791
113.20766117604673
110.67421296339585
120.22986692488088
74.2047316259843
95.26731587896424
96.92025289612755
106.30815448741774
130.4160842954415
107.61190586943881
148.6710029286428
89.47897742045153
103.32354789181423
83.35395121604304
72.31330012388221
120.8850264252564
126.04742386773837
103.77198659472029
133.93051923533866
105.37308687886365
107.96284783377034
46.274089090102116
108.84332239691526
146.45657914827942
131.70983219760757
109.78615774827297
127.02837752679571
95.25821581701022
119.85839035361171
99.3790583194033
118.94316679002901
81.2895387116843
64.15482769244959
53.6089351149814
33.807175769712245
20.47095508060528
78.67453229596188
133.9691990770489
130.8944393517724
98.99475187751978
79.38530256482036
90.83738427712422
89.8763860410563
99.04266260185778
108.69104912130882
119.57597114294815
67.80644542835347
44.943380450125744
45.86757591146063
116.28955191412766
102.9908313055674
113.80237488350312
133.2432624161126
74.42634248062525
106.37607940748177
62.51308800725796
68.07594217438735
20.095430449454653
105.06812514290482
43.26934532000789
109.85102901199788
124.84751713679925
87.65322191096796
94.29234872172445
53.86009055275219
72.30743593122065
77.80772955767937
105.9192892847098
28.131977772614228
94.68538759733741
87.55045584513014
67.2878116533776
98.63688280015913
117.59304376818483
90.89789986455398
135.74240449431903
115.71133407383437
136.19975891076524
120.99930696856698
117.54879575192894
85.40418974472405
111.91923331737812
123.68315398980066
94.64548377433474
147.60682501513782
128.1985474538024
145.23050972213477
122.782021461322
122.7930998640893
134.76014991516047
99.25060055518738
110.25139695898727
116.5183912876501
67.51968612269879
148.1194416158326
100.84682929102593
94.41004349632588
81.9617660182052
98.28833590391304
128.48863164527498
124.85876691625775
122.26713261454941
75.1926555044813
95.65215659196025
98.04922171681736
86.49333791762663
111.53575336820093
120.3578860710874
121.01968601026789
120.11084226328433
91.52661893476366
101.95154827557856
75.76666769591137
60.27397792400564
40.45250613427436
55.206407669780766
112.96678208700355
90.44787153705717
117.22702919799433
111.62237969697915
131.04159936974787
147.14363512088235
117.2556074040108
108.0265534439586
129.78477138510559
111.79415628290585
140.79132772474992
50.402713756731444
36.6494303530304
89.48008568736005
36.63250526186275
65.76710799065118
20.157532843787248
56.844676903302435
99.37401657894323
75.45582925684951
70.61089885525124
116.83613315880706
68.24029719080737
86.95276989513783
80.60097167900429
147.93615819964845
140.22068506504894
150.88552059865677
113.84879759102186
138.70341135578627
121.15953962391185
137.07702322258433
150.5869954436499
87.69037232922548
94.76132827856706
96.6177693899777
124.59738861962734
105.90045580831821
153.622514956567
118.7052307380828
90.77716278399039
90.4295856081568
72.72255759772064
59.78499863740542
57.73488059854072
113.39484907952489
94.80363867243966
86.99794719085781
100.14397943728423
121.98668685275433
103.86812796616256
97.95572511637474
113.96841297167131
98.03696174642789
103.9619322422371
106.61942294864589
62.3993478568142
123.9982930571733
112.60930965111916
78.81800159286627
116.1603530618074
133.81918958009598
72.33680523523167
111.66285900727486
132.96051099033826
115.51196039154112
102.64967414968152
65.43379415073744
131.59074647124433
123.90788644344998
106.33188539422586
93.91324246560579
122.17384498147464
132.38494747295042
127.15559327406444
137.9773626238608
110.0542300886503
115.22185866771005
100.69951318644557
137.40484482926996
155.21384597854157
94.31364656472064
115.59145081481353
117.08112406948435
151.68523284495907
130.6280961057964
139.4857157625118
158.44711087474627
134.96011854756208
113.89690674130424
48.48165717927597
103.02661875493497
59.205702827578165
123.1464436925568
127.2734647215566
122.32358770733103
105.35563390755378
89.51541185222646
123.43970963892642
141.901566199187
123.15013524456626
20.592795706280107
70.73096523366188
100.26815109989725
92.95228654840746
83.32527749704599
49.73314847872642
98.26992693735754
118.83579015974843
84.16413315852095
115.4656656732148
130.5677254499033
63.358482690886675
75.19139195212044
67.42338604282428
37.810813014336084
74.32274296814967
54.43854011537305
80.5730201972134
53.52264815961766
32.14745538107314
23.586316819838842
39.48686204434097
80.25926453695692
130.61615420123687
91.19087480988036
101.15012969365193
66.57708089016782
96.7899771941291
132.21537949198148
31.502430523817093
45.05343209291944
106.9322172809749
83.87414067114874
101.95151536466071
69.89032762597981
111.96978769812857
110.25477904175239
74.85556385477418
114.34653948063705
93.25857349366264
105.88282070740188
149.31097931695675
129.1473458117691
85.18355431425664
111.11840968968045
58.96390666063644
82.87422697900038
119.75385721170908
97.74284930774682
89.15636362958914
72.57730554514693
115.33907513890668
134.22575739241663
105.29837507168567
99.45603481562863
74.96100654638602
92.06692191603359
98.12170604009049
136.59346642577574
132.92203094062174
109.29017558013699
149.70626663681858
110.76874103924585
120.45537827253706
106.01492495112315
130.02313311174248
35.26770262576686
45.93333337161625
94.3564762074427
123.24147751705563
101.60220260021687
132.6096735341662
92.29174353345107
123.05282384668084
130.53354534937793
79.10128639059963
106.13893385642244
104.91926484170406
117.77335534014419
143.324818560394
128.86756147995857
69.97406805723058
43.851700110792635
103.0425353812702
85.67704685465661
102.7864143293874
94.59187353680115
80.23301090989588
83.61490728432126
126.33267927898146
136.42200568324046
70.47571315481936
62.02020713805538
109.59627556484507
98.14927761410726
98.9337453683551
132.61535740791777
138.47130109716647
62.609185160786176
44.4559329610566
111.80170601005241
133.35050413328327
144.04511947574457
79.48207414350503
89.95623840912211
92.29033141593759
101.26163804632911
94.8932988374544
92.989711749381
111.79108972071701
76.28801443791444
130.13907320036998
83.99198363080676
65.94785284522405
97.31707436872301
84.0182453954551
90.04773020485968
139.90647001577855
108.55326748646647
113.59113829241
93.44453387514466
108.22553056827347
128.05650381267478
119.07465522203945
121.03938547087093
84.30161662035934
91.33215588303698
77.90354311414868
56.549981173390904
124.31108593258107
132.60591824733825
97.66726584263651
115.42968547047994
82.77869952498625
114.7072536672541
141.90566828170873
80.0030607972338
135.41537981281613
119.44203966808014
65.76409740607139
112.91753431118593
68.0817496636197
96.16562031605663
76.96827646584163
81.42312630842521
62.64636506120666
119.14760294763218
109.369927426479
121.37060650847184
119.43601842289506
127.5884574370603
130.08974754966292
49.50734930968084
77.45644725176737
79.1695893978626
84.07139614875365
124.97809779359878
103.40867967636166
74.8913118213378
77.8540834582171
89.93339178880578
109.0628841552601
77.57606678730117
23.799495502309238
119.63967623932486
141.32693429139283
117.08897585025257
121.56389076140755
91.0248684060341
86.15104593793772
75.50181898459176
98.23474376117184
70.14433435194202
101.78451850111223
