401.66
211.80196495198973
122.52419941173741
137.0689099238068
114.39379713837467
104.47896235325905
94.93646545327572
99.02300856410609
126.75587575356428
39.392594498104785
54.92185665184692
67.47069753183456
80.1706480093243
42.93094459596191
131.11433280072677
93.76188568179913
33.39631005099918
54.54558570450495
28.342249381965335
76.27029532135765
71.41176523643539
52.57207449856586
74.26865562254085
56.05584646551642
72.95223943214516
48.630043764510255
80.31701461457953
104.73539699243516
109.20716463431273
59.29673496356579
78.90053079657001
108.53179862149388
75.54433584552372
131.46854671691128
122.07827503994008
149.10312135827667
77.546011388397
108.66673988276936
110.48210772494578
110.16525617150094
96.82201208849116
111.33715875544422
121.6805623143737
51.40731235390746
79.30385017864567
126.6076855871551
40.50729221939428
73.34314119843506
94.01606675313003
99.72503375758079
58.489313174781046
149.8917501098527
85.16503933122304
100.61816522616375
137.83533514151475
105.87485716871105
50.880726495632004
59.81473283340781
86.24171060473722
76.49153328442839
92.14738985725192
127.75370715211277
119.93897068646343
41.81353074678769
49.12285685214211
46.252951471320614
42.71911565095157
31.06496709661389
49.263736688827336
23.156618353237448
126.02288111077179
97.58657285769083
85.84997456255547
56.81711432654993
149.1308202606259
60.96184688964193
91.7056072887469
101.9714166587446
114.18252716108523
108.95133812200987
88.08416844219481
85.5577433532299
86.6959856873216
81.60530111228424
96.6708180659481
127.23535365445018
97.87274039841925
69.60619013376692
66.95047213233184
86.23795596866759
93.5408485762393
108.37689369720337
95.32363835989322
49.92376116592297
103.89564258872718
121.10900998058052
62.53147854513866
117.84461258716728
119.1220730118589
151.10208109779327
120.6614025398647
162.77376597923322
160.59910012923257
75.45028116818327
39.51801523573474
72.81950931241894
66.71651161656541
122.51296065149964
107.25146358483002
77.74039096969553
101.02549296567167
102.59928452380986
29.049681382497326
46.248056235796774
75.66133111402907
127.7322641790641
107.11876131655545
82.4467769496001
55.703960090784626
60.26897058590756
44.2372303982948
50.34832321757449
104.43147272835162
83.7545326396252
74.1025353969263
134.24255755876416
128.82007450258692
65.85023923773599
129.36033308233723
72.0485790645789
90.07429987478012
108.54430571100221
101.05715215214494
74.10350694187079
57.99955685584401
73.81459039197276
90.1651810481731
107.25063754934978
83.03783208615683
71.69213560112551
61.82212186939053
75.25932889610326
39.97141531398004
85.49766218753582
121.24479689744683
101.27419062327803
100.10714209897488
41.31585875187618
96.90629513658331
130.44393584596634
51.30628725856564
113.80023031344143
107.22711224855752
102.31516507471734
59.4571923528975
54.975403251640195
89.14318050692046
74.27209211382106
63.601350442912945
125.55111071353161
139.12785506128256
110.3004675407649
84.86860649455211
108.6598300375223
51.96430324466811
72.72517844118794
100.25821170716914
147.29695834788726
152.51554850866572
121.80978636043076
102.71389441999857
125.0838813985712
87.51781522733798
92.09601629939387
94.292226525328
127.05489098318053
78.78263512798695
78.55465118610717
60.96663981650724
61.80821484879591
60.47812176133335
44.668823280468445
59.3777297643624
109.96210178220376
94.83469687529931
102.61139769425085
69.06427940563519
124.6197984531613
150.6974394650689
145.74268838628666
95.98091845260106
105.91002924189488
132.94456755402507
73.0884004054428
111.3854608431946
141.19997745496394
83.62973025597479
106.3346603294384
90.30127735415512
87.19481301810897
78.32812603345917
87.46026603463963
77.04468464015909
85.11588343979429
144.08391487104916
93.26154317354853
77.96396003404904
85.19109261101596
90.17150837890544
119.88863770338061
99.39503736373443
65.76600794292614
106.78919932815373
136.26983431797896
107.03907248296488
114.79317850512477
53.09079427012407
50.03736640706417
98.46002094621556
55.92576612963448
79.63729336281732
76.43569326175714
59.908546502873904
98.22098361901327
111.6978041267403
75.78806803592578
78.14877663901538
88.68102334852527
43.97955868931612
48.18768785959148
65.59250862160495
41.24367107409327
56.54027566813889
64.02614253716106
64.60812731891988
80.87552895886512
80.70484754422853
70.15392456952996
72.60402084383442
68.02162933580477
39.329168780029526
60.04009705204834
18.896768398311284
21.04109798595221
66.86244284735058
137.1915491331253
101.16468454457299
86.93762192047498
121.74678287560218
34.129286234354645
82.99449913561428
73.19233081592424
115.05986191689976
132.64360721508922
120.46722651058252
83.45946651409042
74.31458355950333
78.99665811225005
28.728526236776894
116.49108094474718
75.73513325486228
89.57742635274475
111.4794163966408
93.18290186268099
105.93099653478163
71.91670158634666
69.31664959748174
93.7011150286049
116.31512080372171
37.9699135554529
55.09284058765417
112.94614111720169
74.17449153247604
70.7104233951899
113.3997979154048
57.70573533286775
55.02790481760906
116.85496850843586
55.98384977046833
117.103103100253
88.66621357655899
31.35589656484596
102.33280419982013
37.290638951861496
72.17964158242516
131.42163776057802
33.117528198903926
76.98196291397446
125.83329956629544
110.53484420675564
107.81226704496196
91.00214240754508
119.34030824881484
128.2631999092219
121.312912070207
114.29128667576549
64.29760706343315
100.97509806556474
111.14344302981132
113.74696311110279
135.1234628944128
107.13470574512321
80.12637469511291
109.43125291549298
112.20905346897254
51.177368680269375
80.38087738717195
68.67924642045219
82.44515913593519
64.37937142770937
80.82046910990033
87.49761528608643
126.76849098496908
90.02563570576525
60.829702637875705
84.93645254939824
92.46152034080687
86.79254627840716
77.45620067506088
131.14035563229777
105.54537049628995
61.55401232901784
116.12409557351823
127.4004459185129
107.74250656667776
77.16956241065695
45.05692054131337
56.552116413930676
77.19156083131449
88.9568802022537
45.44632264286968
98.17966753440439
44.73152319407283
97.09124475724339
114.74418066511664
71.35699375166318
75.74296849735575
83.64390065072784
53.70819997873534
73.36896507368702
70.19615750725045
50.39819784668452
73.60155098699157
52.22678539374215
53.561675569369896
24.414823523668005
50.356809378791205
76.53575429461165
115.1452893861795
82.57489685056147
107.65173703014072
131.7923802594731
142.25420176569668
98.1686314837787
108.37118298594437
41.71479607549003
112.41466946088823
107.87740373428346
88.89433525001797
83.86561133584244
73.34892953902404
101.2577240283085
66.03462771260536
144.40516357386048
136.6516830204736
100.80638209248447
105.36153829366826
47.71279780220195
121.14090481173331
60.223667438011816
112.67282812166525
43.8207435271818
110.45912760413778
122.0631060938242
95.34427619765579
68.94831013050775
116.23140881813895
142.4245977636312
46.918788518876994
73.14828518395068
65.57000461512808
100.69571732512377
125.77768515954213
78.74686027488
128.69394398102293
93.11130786596527
61.34645028907807
141.76299089096358
92.96784898689329
84.97843714042648
143.70678110231157
96.16936830946733
104.1481750620797
137.1725899990036
103.29296872695441
93.5432138465237
103.23292350570915
126.40872183164859
57.11177284374255
106.69061696191093
69.95030473108005
109.20481975880197
109.63468616179235
114.02217386953691
85.3531930036157
56.11121845192507
103.88076174800537
42.689996416099305
82.03768268293818
103.51189517471632
88.62829404703459
140.1843653919807
90.26006289805937
135.1832354858663
106.2506723447574
145.60975146893537
102.8554708618891
48.72100032057774
106.22728566377134
46.74548164552442
88.13498887493525
110.71532239163481
94.16014037131531
115.34000920820122
68.09009350041073
85.3014263340196
82.97264598618908
124.26909152294063
74.7389683148332
135.20931273486696
111.93103547574728
100.52682385595942
93.27287351554224
75.73038529160988
93.2579127020075
88.37979085768374
84.58739731510371
118.44959224282997
157.23270007142418
75.93482498244278
92.30796738782327
106.56191298410948
103.20293122979092
112.18171127276223
63.31492020366943
66.08487117663053
117.94635001312781
43.53255806481977
41.301816865631125
112.90227132851685
131.07209294543944
128.08336777516226
97.67467435835503
110.36241521241993
107.06405699056528
71.54210927241925
138.18898913746315
38.69138829847572
47.35449511994382
35.64674432589864
106.39654343935305
133.3484552916671
129.38274117720997
135.46763406026463
103.78581202307564
54.930140272673285
117.91324668826668
61.617030010137285
63.22085160681796
98.78315995880799
98.4211153059583
60.383733913511925
96.37553482569214
66.2609962240852
75.59598301314091
83.29878522934018
125.65168507507074
106.27196629485661
66.50443113288073
110.76957322306261
84.6390148003413
58.930191411014924
61.84132603871755
70.53715416325257
13.629951483098885
49.09583686147163
88.22868283551284
77.56368206557161
82.63685034782517
82.3412439163397
62.59450458879702
52.80286858934629
110.5309600689013
99.40017571068054
78.35046624422957
39.29661350951667
69.89263933320179
84.52199238267416
120.24715056373043
92.36619801496134
82.54828725699977
